name: Casa
latitude: 37.3006771
longitude: 13.5524958
elevation: 94
