name: Lavoro Ale
latitude: 37.31121
longitude: 13.57681
elevation: 324
