name: Lavoro Giò
latitude: 37.30827
longitude: 13.58598
elevation: 324
