name: Scuola Andrea
latitude: 37.30522
longitude: 13.58893
elevation: 324
